0 0.331858 0.637660 0.085546 0.163881
0 0.431416 0.586857 0.072271 0.140937
0 0.264749 0.450836 0.051622 0.144215
0 0.229351 0.794985 0.075221 0.078663
0 0.225664 0.888397 0.082596 0.108161
0 0.185841 0.940102 0.067847 0.119796
0 0.479351 0.354146 0.058997 0.088496
0 0.495575 0.437725 0.085546 0.045887
1 0.590708 0.450836 0.069322 0.117994
0 0.766962 0.301704 0.035398 0.075385
0 0.681416 0.349230 0.070796 0.098328
0 0.704277 0.486890 0.051622 0.091773
0 0.651917 0.455752 0.035398 0.075385
0 0.745575 0.465585 0.030973 0.121272