3 0.712125 0.385556 0.158750 0.146667
1 0.857125 0.378889 0.093750 0.191111
0 0.790875 0.246667 0.058750 0.082222
0 0.650875 0.231111 0.071250 0.077778
0 0.640875 0.130000 0.048750 0.040000
0 0.514625 0.126667 0.038750 0.068889
0 0.570250 0.095556 0.057500 0.060000
0 0.444625 0.212222 0.051250 0.066667
0 0.342750 0.235556 0.055000 0.086667
0 0.309625 0.380000 0.116250 0.162222
0 0.287750 0.525556 0.135000 0.204444
0 0.669625 0.617778 0.118750 0.211111
0 0.815250 0.695556 0.210000 0.282222
0 0.271500 0.217778 0.067500 0.082222
0 0.197125 0.240000 0.086250 0.095556
0 0.124625 0.254444 0.066250 0.102222